Position1 = 1483.536987
Position2 = -1697.337524
Position3 = 14.046875
